ticketCode,arrivalTime,waitTime,serviceTime,openCounter
276,18:05,6,12,18
277,18:06,0,12,12
278,18:07,5,11,16
279,18:10,4,8,12
280,18:10,3,9,12
281,18:10,10,10,20
282,18:12,0,11,11
283,18:12,0,11,11
284,18:14,11,8,19
285,18:15,0,7,7
286,18:16,2,7,9
287,18:16,9,7,16
288,18:18,1,8,9
289,18:18,2,9,11
290,18:19,2,10,12
291,18:22,5,4,9
292,18:22,1,5,6
293,18:22,2,6,8
294,18:26,17,4,21
295,18:26,7,5,12
296,18:28,0,5,5
297,18:28,7,5,12
298,18:29,19,6,25
299,18:29,9,7,16
300,18:31,3,8,11
301,18:31,2,9,11
302,18:33,16,7,23
303,18:34,3,5,8
304,18:38,4,5,9
305,18:38,8,6,14
306,18:40,0,7,7
307,18:41,2,7,9
308,18:43,3,7,10
309,18:43,6,8,14
310,18:45,6,8,14
311,18:48,4,8,12
312,18:51,2,8,10
313,18:52,0,9,9
314,18:56,3,6,9
315,18:59,7,5,12
316,19:03,15,3,18
317,19:06,7,1,8
318,19:06,1,2,3
319,19:07,5,2,7
320,19:08,3,3,6
321,19:08,4,4,8
322,19:11,3,3,6
323,19:13,3,2,5
324,19:14,3,3,6
325,19:14,0,4,4
326,19:15,2,4,6
327,19:17,2,4,6
328,19:19,2,4,6
329,19:20,2,5,7
330,19:23,2,1,3
331,19:24,2,0,2
001,08:31,10,0,10
002,08:31,1,1,2
003,08:31,1,1,2
004,08:31,1,2,3
005,08:31,2,3,5
006,08:31,3,3,6
007,08:33,2,4,6
008,08:33,0,4,4
009,08:34,0,5,5
010,08:42,1,2,3
011,08:44,14,2,16
012,08:45,1,2,3
013,08:45,1,2,3
014,08:53,17,1,18
015,08:56,20,1,21
016,08:57,5,1,6
017,09:01,1,1,2
018,09:03,8,0,8
019,09:07,2,0,2
020,09:09,4,0,4
021,09:10,17,0,17
022,09:11,6,0,6
023,09:14,5,0,5
024,09:14,5,1,6
025,09:18,7,0,7
026,09:19,16,1,17
027,09:19,5,2,7
028,09:22,5,0,5
029,09:26,6,0,6
030,09:26,4,1,5
031,09:27,11,1,12
032,09:29,4,1,5
033,09:30,10,1,11
034,09:31,23,2,25
035,09:33,4,2,6
036,09:33,3,3,6
037,09:34,14,2,16
038,09:34,5,3,8
039,09:36,4,2,6
040,09:37,10,3,13
041,09:45,3,1,4
042,09:50,5,0,5
043,09:51,4,0,4
044,09:52,8,1,9
045,09:53,16,2,18
046,09:53,30,3,33
047,09:58,10,0,10
048,10:00,8,0,8
049,10:01,7,1,8
050,10:02,8,2,10
051,10:04,5,3,8
052,10:04,0,4,4
053,10:04,6,4,10
054,10:05,0,5,5
055,10:06,2,6,8
056,10:11,14,6,20
057,10:13,4,7,11
058,10:13,6,7,13
059,10:15,0,7,7
060,10:16,3,7,10
061,10:21,3,5,8
062,10:22,7,4,11
063,10:23,6,4,10
064,10:23,1,5,6
065,10:23,1,6,7
066,10:26,6,7,13
067,10:27,8,8,16
068,10:28,1,7,8
069,10:31,3,8,11
070,10:34,5,7,12
071,10:36,3,6,9
072,10:37,2,7,9
073,10:42,6,2,8
074,10:42,12,3,15
075,10:43,2,4,6
076,10:44,3,5,8
077,10:44,0,6,6
078,10:45,3,6,9
079,10:48,0,4,4
080,10:48,19,4,23
081,10:49,10,4,14
082,10:51,18,2,20
083,10:52,5,2,7
084,10:53,6,1,7
085,10:53,7,2,9
086,10:57,2,2,4
087,10:57,6,3,9
088,10:59,2,4,6
089,11:02,5,4,9
090,11:02,7,5,12
091,11:03,0,6,6
092,11:03,3,7,10
093,11:04,0,7,7
094,11:04,0,8,8
095,11:05,3,9,12
096,11:06,5,9,14
097,11:07,1,10,11
098,11:08,0,11,11
099,11:15,2,3,5
100,11:15,4,4,8
101,11:15,3,5,8
102,11:16,12,6,18
103,11:21,1,0,1
104,11:21,6,1,7
105,11:23,1,0,1
106,11:23,38,1,39
107,11:27,4,0,4
108,11:28,2,1,3
109,11:30,2,1,3
110,11:30,7,2,9
111,11:30,6,3,9
112,11:33,3,3,6
113,11:34,5,4,9
114,11:35,3,2,5
115,11:35,0,3,3
116,11:35,9,4,13
117,11:35,6,4,10
118,11:37,0,5,5
119,11:40,0,5,5
120,11:43,3,3,6
121,11:43,3,4,7
122,11:45,1,5,6
123,11:46,0,6,6
124,11:49,0,6,6
125,11:50,3,7,10
126,11:50,3,8,11
127,11:51,2,9,11
128,11:52,1,7,8
129,11:53,4,7,11
130,11:54,0,8,8
131,11:54,4,9,13
132,11:57,4,5,9
133,12:02,20,1,21
134,12:03,1,1,2
135,12:04,6,1,7
136,12:04,11,2,13
137,12:06,0,3,3
138,12:07,2,1,3
139,12:08,9,1,10
140,12:08,5,2,7
141,12:13,5,1,6
142,12:17,6,0,6
143,12:19,2,0,2
144,12:19,4,1,5
145,12:19,1,1,2
146,12:23,4,0,4
147,12:24,20,0,20
148,12:24,3,0,3
149,12:25,1,0,1
150,12:25,2,0,2
151,12:28,22,0,22
152,12:29,19,0,19
153,15:45,0,0,0
154,15:45,5,0,5
155,15:47,6,0,6
156,15:47,3,1,4
157,15:50,15,0,15
158,15:52,6,0,6
159,15:53,9,1,10
160,15:53,0,2,2
161,15:54,2,3,5
162,15:55,11,4,15
163,15:56,4,5,9
164,15:58,0,5,5
165,15:59,19,6,25
166,16:00,2,7,9
167,16:01,4,8,12
168,16:08,4,6,10
169,16:08,1,7,8
170,16:09,1,6,7
171,16:11,0,4,4
172,16:12,2,5,7
173,16:13,2,3,5
174,16:15,1,3,4
175,16:16,7,4,11
176,16:17,7,3,10
177,16:18,5,3,8
178,16:20,3,0,3
179,16:24,9,1,10
180,16:24,2,2,4
181,16:24,0,3,3
182,16:26,7,3,10
183,16:27,0,4,4
184,16:29,9,5,14
185,16:34,18,0,18
186,16:36,3,0,3
187,16:37,14,1,15
188,16:38,2,2,4
189,16:38,5,3,8
190,16:42,8,1,9
191,16:48,3,0,3
192,16:49,1,0,1
193,16:50,2,1,3
194,16:50,8,2,10
195,16:52,0,3,3
196,16:52,3,3,6
197,16:53,1,4,5
198,16:54,7,3,10
199,16:54,8,4,12
200,16:55,17,3,20
201,16:57,4,3,7
202,17:02,4,0,4
203,17:03,32,0,32
204,17:04,2,0,2
205,17:06,3,0,3
206,17:06,0,0,0
207,17:07,4,0,4
208,17:09,2,0,2
209,17:09,2,1,3
210,17:09,8,2,10
211,17:09,32,3,35
212,17:15,0,0,0
213,17:15,11,0,11
214,17:20,4,0,4
215,17:23,5,0,5
216,17:23,8,1,9
217,17:24,4,2,6
218,17:24,7,3,10
219,17:26,0,4,4
220,17:26,4,5,9
221,17:27,3,5,8
222,17:27,3,6,9
223,17:28,15,7,22
224,17:29,0,7,7
225,17:29,1,8,9
226,17:30,9,9,18
227,17:30,3,10,13
228,17:31,2,11,13
229,17:31,11,12,23
230,17:31,0,13,13
231,17:34,2,12,14
232,17:35,3,13,16
233,17:35,2,13,15
234,17:38,2,11,13
235,17:39,8,12,20
236,17:41,4,10,14
237,17:44,16,9,25
238,17:46,6,10,16
239,17:47,28,9,37
240,17:48,2,10,12
241,17:50,0,9,9
242,17:50,4,10,14
243,17:52,3,9,12
244,17:56,3,6,9
245,17:57,0,6,6
246,17:58,3,7,10
247,17:58,0,8,8
248,17:59,0,8,8
249,18:03,1,8,9
250,18:03,2,7,9
251,18:07,0,6,6
252,18:07,6,7,13
253,18:07,1,8,9
254,18:08,2,9,11
255,18:10,8,4,12
256,18:11,0,5,5
257,18:12,8,3,11
258,18:12,2,4,6
259,18:14,4,3,7
260,18:15,4,3,7
261,18:16,2,3,5
262,18:16,5,4,9
263,18:16,6,5,11
264,18:18,8,6,14
265,18:22,0,5,5
266,18:25,5,3,8
267,18:25,4,4,8
268,18:28,1,2,3
269,18:29,3,2,5
270,18:29,13,3,16
271,18:33,3,2,5
272,18:35,4,0,4
273,18:35,9,0,9
274,18:36,11,1,12
275,18:38,3,2,5
276,18:43,9,0,9
277,18:47,10,0,10
278,18:47,23,0,23
279,18:48,1,1,2
280,18:49,3,1,4
281,18:49,0,2,2
282,18:50,4,3,7
283,18:52,3,3,6
284,18:52,18,0,18
285,18:53,4,1,5
286,18:54,4,2,6
287,18:54,4,3,7
288,18:57,9,1,10
289,19:00,9,1,10
290,19:10,9,0,9
291,19:10,1,0,1
292,19:10,2,1,3
293,19:12,2,0,2
294,19:15,5,0,5
295,19:21,2,0,2
296,19:23,2,0,2
001,08:31,1,0,1
002,08:31,17,0,17
003,08:48,4,0,4
004,08:52,3,0,3
005,08:55,47,0,47
006,08:57,2,0,2
007,08:57,5,1,6
008,08:57,4,2,6
009,08:58,3,2,5
010,09:03,7,0,7
011,09:09,10,0,10
012,09:12,2,0,2
013,09:13,14,1,15
014,09:15,0,0,0
015,09:15,54,1,55
016,09:17,0,0,0
017,09:18,33,1,34
018,09:21,7,0,7
019,09:28,5,0,5
020,09:29,2,0,2
021,09:31,1,0,1
022,09:33,6,0,6
023,09:33,9,1,10
024,09:39,3,0,3
025,09:43,9,0,9
026,09:43,2,0,2
027,09:44,10,0,10
028,09:45,6,0,6
029,09:49,3,0,3
030,09:50,6,1,7
031,09:51,1,2,3
032,09:51,0,2,2
033,09:51,13,3,16
034,09:52,2,4,6
035,09:53,1,3,4
036,09:55,2,1,3
037,09:55,3,1,4
038,10:00,2,0,2
039,10:00,12,0,12
040,10:05,4,0,4
041,10:05,5,1,6
042,10:07,4,0,4
043,10:07,4,1,5
044,10:08,3,2,5
045,10:09,3,3,6
046,10:10,3,4,7
047,10:10,2,5,7
048,10:10,24,6,30
049,10:11,33,4,37
050,10:16,5,1,6
051,10:16,9,2,11
052,10:22,2,0,2
053,10:24,1,0,1
054,10:26,14,0,14
055,10:26,2,1,3
056,10:27,2,0,2
057,10:27,7,0,7
058,10:28,2,1,3
059,10:28,7,2,9
060,10:35,4,0,4
061,10:40,1,1,2
062,10:42,25,0,25
063,10:43,6,1,7
064,10:44,4,2,6
065,10:44,0,2,2
066,10:45,7,2,9
067,10:48,4,2,6
068,10:49,3,3,6
069,10:49,0,4,4
070,10:49,2,5,7
071,10:50,1,6,7
072,10:50,15,6,21
073,10:51,0,6,6
074,10:51,8,7,15
075,10:52,0,8,8
076,10:52,3,9,12
077,10:52,14,10,24
078,10:53,2,11,13
079,10:53,10,11,21
080,10:53,2,12,14
081,10:54,6,13,19
082,10:57,0,13,13
083,10:59,0,10,10
084,11:02,4,7,11
085,11:05,2,6,8
086,11:06,10,6,16
087,11:08,11,7,18
088,11:09,8,6,14
089,11:10,5,5,10
090,11:11,10,5,15
091,11:14,17,6,23
092,11:15,6,7,13
093,11:20,5,3,8
094,11:20,2,4,6
095,11:23,0,5,5
096,11:23,4,6,10
097,11:25,6,6,12
098,11:29,13,4,17
099,11:30,1,5,6
100,11:31,1,6,7
101,11:31,12,7,19
102,11:32,16,8,24
103,11:35,9,6,15
104,11:35,8,7,15
105,11:35,1,8,9
106,11:41,2,3,5
107,11:41,16,4,20
108,11:43,2,4,6
109,11:44,1,4,5
110,11:45,0,5,5
111,11:49,3,6,9
112,11:50,8,7,15
113,11:51,8,8,16
114,11:53,7,6,13
115,11:59,9,1,10
116,11:59,0,2,2
117,12:01,5,2,7
118,12:03,2,3,5
119,12:03,1,4,5
120,12:06,6,2,8
121,12:09,4,2,6
122,12:10,1,3,4
123,12:11,10,3,13
124,12:11,33,4,37
125,12:12,2,3,5
126,12:15,30,2,32
127,15:48,0,0,0
128,15:48,5,1,6
129,15:48,8,2,10
130,15:51,26,0,26
131,15:53,3,1,4
132,15:54,1,1,2
133,15:56,4,0,4
134,15:58,5,0,5
135,15:58,4,0,4
136,15:59,2,0,2
137,16:01,2,0,2
138,16:03,5,0,5
139,16:04,0,1,1
140,16:04,7,2,9
141,16:05,5,2,7
142,16:08,18,1,19
143,16:11,0,0,0
144,16:12,5,0,5
145,16:13,8,1,9
146,16:14,4,1,5
147,16:17,6,1,7
148,16:20,3,0,3
149,16:20,0,0,0
150,16:21,4,1,5
151,16:21,1,2,3
152,16:22,2,3,5
153,16:22,0,4,4
154,16:22,4,5,9
155,16:22,1,6,7
156,16:22,6,7,13
157,16:24,1,5,6
158,16:25,7,5,12
159,16:29,6,0,6
160,16:29,8,0,8
161,16:31,14,0,14
162,16:35,6,1,7
163,16:37,4,0,4
164,16:39,3,0,3
165,16:40,1,0,1
166,16:42,10,1,11
167,16:42,8,2,10
168,16:43,2,2,4
169,16:44,19,1,20
170,16:44,5,1,6
171,16:45,0,2,2
172,16:47,5,1,6
173,16:48,9,2,11
174,16:49,0,3,3
175,16:49,3,4,7
176,16:51,2,4,6
177,16:51,4,4,8
178,16:52,14,2,16
179,16:53,3,3,6
180,16:59,0,0,0
181,16:59,3,1,4
182,16:59,7,2,9
183,17:05,4,0,4
184,17:05,4,1,5
185,17:09,2,0,2
186,17:10,0,0,0
187,17:10,10,0,10
188,17:11,2,0,2
189,17:12,9,0,9
190,17:12,1,0,1
191,17:13,19,0,19
192,17:13,7,0,7
193,17:21,11,0,11
194,17:21,3,1,4
195,17:25,5,0,5
196,17:28,1,0,1
197,17:29,2,0,2
198,17:30,5,1,6
199,17:30,3,2,5
200,17:33,8,0,8
201,17:36,4,0,4
202,17:37,1,0,1
203,17:39,7,0,7
204,17:40,6,0,6
205,17:47,9,0,9
206,17:53,1,0,1
207,17:54,0,0,0
208,17:54,3,1,4
209,17:55,3,2,5
210,17:55,5,3,8
211,17:57,0,1,1
212,17:58,4,1,5
213,17:59,7,1,8
214,18:02,0,0,0
215,18:02,0,1,1
216,18:04,4,1,5
217,18:05,3,1,4
218,18:05,14,2,16
219,18:07,10,1,11
220,18:07,6,2,8
221,18:08,1,3,4
222,18:12,4,0,4
223,18:16,8,0,8
224,18:16,1,1,2
225,18:17,7,1,8
226,18:20,0,0,0
227,18:22,2,0,2
228,18:24,1,0,1
229,18:24,7,1,8
230,18:25,3,0,3
231,18:28,2,0,2
232,18:28,5,0,5
233,18:30,1,0,1
234,18:31,3,0,3
235,18:31,8,1,9
236,18:32,3,1,4
237,18:32,15,1,16
238,18:34,10,1,11
239,18:36,2,0,2
240,18:39,2,0,2
241,18:40,8,0,8
242,18:41,5,0,5
243,18:43,5,1,6
244,18:44,6,2,8
245,18:46,5,2,7
246,18:47,0,3,3
247,18:54,11,0,11
248,18:54,4,0,4
249,18:55,7,1,8
250,18:55,3,2,5
251,18:56,3,0,3
252,18:59,2,0,2
253,19:02,11,0,11
254,19:03,9,0,9
255,19:04,4,1,5
256,19:07,1,0,1
257,19:07,1,1,2
258,19:10,8,1,9
259,19:12,13,0,13
260,19:14,13,0,13
261,19:14,4,0,4
262,19:19,0,0,0
263,19:19,0,1,1
264,19:25,0,0,0
265,19:28,0,0,0
001,08:31,5,0,5
002,08:31,12,0,12
003,08:34,4,0,4
004,08:34,9,1,10
005,08:34,0,2,2
006,08:34,1,3,4
007,08:37,11,2,13
008,08:38,2,3,5
009,08:39,2,4,6
010,08:42,3,3,6
011,08:44,1,3,4
012,08:44,21,4,25
013,08:46,1,4,5
014,08:48,2,3,5
015,08:54,3,0,3
016,08:54,2,1,3
017,08:55,4,0,4
018,08:55,38,1,39
019,09:00,6,0,6
020,09:01,6,0,6
021,09:06,2,0,2
022,09:07,11,0,11
023,09:08,6,0,6
024,09:08,4,0,4
025,09:10,4,0,4
026,09:10,6,1,7
027,09:18,19,0,19
028,09:18,2,0,2
029,09:19,8,0,8
030,09:20,4,1,5
031,09:24,39,0,39
032,09:26,3,0,3
033,09:26,3,0,3
034,09:26,4,1,5
035,09:29,3,1,4
036,09:29,13,2,15
037,09:31,5,2,7
038,09:34,1,1,2
039,09:37,24,0,24
040,09:37,6,0,6
041,09:41,4,0,4
042,09:44,3,0,3
043,09:46,5,0,5
044,09:46,9,0,9
045,09:46,9,1,10
046,09:51,1,0,1
047,09:53,11,0,11
048,09:56,5,0,5
049,09:56,2,1,3
050,09:58,10,0,10
051,09:58,10,1,11
052,09:59,0,1,1
053,10:00,0,2,2
054,10:03,3,0,3
055,10:03,0,0,0
056,10:04,1,1,2
057,10:04,4,2,6
058,10:07,1,0,1
059,10:08,3,0,3
060,10:08,3,1,4
061,10:08,5,2,7
062,10:10,2,1,3
063,10:10,17,2,19
064,10:11,0,3,3
065,10:11,3,3,6
066,10:12,14,4,18
067,10:12,7,5,12
068,10:14,20,1,21
069,10:15,7,1,8
070,10:21,3,0,3
071,10:21,4,1,5
072,10:21,8,2,10
073,10:22,8,3,11
074,10:22,0,4,4
075,10:24,1,4,5
076,10:25,15,5,20
077,10:26,7,5,12
078,10:26,7,5,12
079,10:27,1,6,7
080,10:30,0,6,6
081,10:32,2,7,9
082,10:32,5,7,12
083,10:33,8,6,14
084,10:35,1,5,6
085,10:35,16,6,22
086,10:35,9,7,16
087,10:35,1,8,9
088,10:37,15,8,23
089,10:37,5,9,14
090,10:38,15,10,25
091,10:39,9,8,17
092,10:40,11,9,20
093,10:41,3,9,12
094,10:41,16,8,24
095,10:43,4,9,13
096,10:43,0,10,10
097,10:46,5,9,14
098,10:47,7,10,17
099,10:49,2,11,13
100,10:52,2,10,12
101,10:53,0,10,10
102,10:54,3,11,14
103,10:54,0,12,12
104,10:55,13,13,26
105,10:56,2,13,15
106,10:56,0,14,14
107,10:58,4,15,19
108,11:12,7,7,14
109,11:13,0,6,6
110,11:13,9,5,14
111,11:13,0,6,6
112,11:16,5,5,10
113,11:16,18,5,23
114,11:16,19,6,25
115,11:17,16,6,22
116,11:17,4,6,10
117,11:18,4,6,10
118,11:26,0,4,4
119,11:26,3,5,8
120,11:28,13,3,16
121,11:30,4,3,7
122,11:31,30,4,34
123,11:39,4,1,5
124,11:40,7,1,8
125,11:40,5,2,7
126,11:41,5,3,8
127,11:41,3,4,7
128,11:43,7,4,11
129,11:43,4,5,9
130,11:46,7,5,12
131,11:48,9,4,13
132,11:50,2,4,6
133,11:54,5,1,6
134,11:55,7,2,9
135,11:57,3,2,5
136,11:58,0,3,3
137,11:58,0,4,4
138,11:58,5,5,10
139,11:59,5,3,8
140,12:02,4,3,7
141,12:02,11,2,13
142,12:03,0,3,3
143,12:03,7,3,10
144,12:05,5,3,8
145,12:07,0,3,3
146,12:08,1,1,2
147,12:08,5,1,6
148,12:09,45,2,47
149,12:11,5,1,6
150,12:11,3,2,5
151,12:14,1,3,4
152,12:17,3,1,4
153,12:19,3,1,4
154,12:20,25,0,25
155,12:21,35,0,35
156,12:22,25,1,26
157,15:46,1,0,1
158,15:46,12,1,13
159,15:46,11,2,13
160,15:46,4,3,7
161,15:46,8,4,12
162,15:47,11,5,16
163,15:47,12,5,17
164,15:47,7,6,13
165,15:47,1,7,8
166,15:48,3,8,11
167,15:49,1,7,8
168,15:58,2,7,9
169,15:58,4,8,12
170,16:04,5,3,8
171,16:04,3,4,7
172,16:05,43,5,48
173,16:06,4,5,9
174,16:07,3,6,9
175,16:07,1,6,7
176,16:12,16,2,18
177,16:12,2,3,5
178,16:13,24,2,26
179,16:13,38,2,40
180,16:15,15,0,15
181,16:15,5,1,6
182,16:21,9,0,9
183,16:29,3,0,3
184,16:29,5,1,6
185,16:31,2,0,2
186,16:31,21,1,22
187,16:33,13,0,13
188,16:34,8,0,8
189,16:38,45,0,45
190,16:44,3,0,3
191,16:48,11,0,11
192,16:50,3,0,3
193,16:51,6,1,7
194,16:52,13,2,15
195,16:55,2,0,2
196,16:56,2,1,3
197,16:57,2,1,3
198,16:59,5,2,7
199,17:00,1,1,2
200,17:01,4,2,6
201,17:03,4,0,4
202,17:03,8,1,9
203,17:06,46,0,46
204,17:06,0,0,0
205,17:07,7,0,7
206,17:08,17,0,17
207,17:09,2,0,2
208,17:09,26,1,27
209,17:10,1,1,2
210,17:13,4,1,5
211,17:14,2,2,4
212,17:14,2,3,5
213,17:14,3,4,7
214,17:16,0,5,5
215,17:17,0,6,6
216,17:18,2,5,7
217,17:18,0,6,6
218,17:19,4,7,11
219,17:19,1,7,8
220,17:20,8,8,16
221,17:20,4,9,13
222,17:20,14,10,24
223,17:21,26,11,37
224,17:21,0,11,11
225,17:21,2,12,14
226,17:24,0,11,11
227,17:25,2,10,12
228,17:29,1,6,7
229,17:30,5,5,10
230,17:31,2,6,8
231,17:31,10,7,17
232,17:33,4,6,10
233,17:35,0,7,7
234,17:35,10,8,18
235,17:38,2,8,10
236,17:39,3,7,10
237,17:41,3,6,9
238,17:43,5,7,12
239,17:44,1,6,7
240,17:45,10,7,17
241,17:46,13,8,21
242,17:46,12,9,21
243,17:46,1,9,10
244,17:46,5,9,14
245,17:48,1,10,11
246,17:49,4,10,14
247,17:50,4,11,15
248,17:51,0,11,11
249,17:51,5,12,17
250,17:51,0,13,13
251,17:52,0,14,14
252,17:55,19,10,29
253,17:55,9,11,20
254,18:00,9,6,15
255,18:02,1,7,8
256,18:03,17,8,25
257,18:05,3,2,5
258,18:07,9,3,12
259,18:07,2,4,6
260,18:08,3,5,8
261,18:10,0,4,4
262,18:11,8,5,13
263,18:14,3,4,7
264,18:14,4,4,8
265,18:16,4,4,8
266,18:17,28,3,31
267,18:19,6,3,9
268,18:20,24,4,28
269,18:20,14,5,19
270,18:25,1,3,4
271,18:29,7,0,7
272,18:30,2,0,2
273,18:32,14,0,14
274,18:36,1,0,1
275,18:38,2,0,2
276,18:39,8,0,8
277,18:44,1,0,1
278,18:46,4,0,4
279,18:50,1,0,1
280,18:51,4,0,4
281,18:52,8,0,8
282,18:53,0,1,1
283,18:53,5,2,7
284,18:57,12,0,12
285,18:59,5,0,5
286,19:02,11,0,11
287,19:02,11,0,11
288,19:03,7,0,7
289,19:04,6,0,6
290,19:09,6,0,6
291,19:10,6,0,6
292,19:13,5,0,5
293,19:17,0,0,0
294,19:17,5,0,5
295,19:18,5,0,5
296,19:22,5,0,5
001,08:31,6,0,6
002,08:38,2,0,2
003,08:38,3,0,3
004,08:39,2,0,2
005,08:39,5,1,6
006,08:41,12,2,14
007,08:42,1,2,3
008,08:43,0,2,2
009,08:56,5,0,5
010,09:02,4,0,4
011,09:02,5,0,5
012,09:07,3,0,3
013,09:07,3,1,4
014,09:08,0,0,0
015,09:11,8,1,9
016,09:12,4,0,4
017,09:13,33,1,34
018,09:13,3,2,5
019,09:22,6,0,6
020,09:23,3,1,4
021,09:25,4,0,4
022,09:26,5,1,6
023,09:27,0,2,2
024,09:28,0,2,2
025,09:32,1,1,2
026,09:32,5,0,5
027,09:34,7,0,7
028,09:35,11,1,12
029,09:35,1,2,3
030,09:39,0,1,1
031,09:42,4,2,6
032,09:43,2,3,5
033,09:43,3,4,7
034,09:44,20,5,25
035,09:46,6,3,9
036,09:47,1,4,5
037,09:51,0,3,3
038,09:52,7,4,11
039,09:53,5,3,8
040,09:57,3,1,4
041,09:58,1,2,3
042,09:59,3,3,6
043,10:02,3,4,7
044,10:03,0,4,4
045,10:03,2,5,7
046,10:09,4,4,8
047,10:10,1,3,4
048,10:11,7,4,11
049,10:13,12,2,14
050,10:16,6,2,8
051,10:16,1,3,4
052,10:17,1,3,4
053,10:22,6,2,8
054,10:26,5,1,6
055,10:28,9,0,9
056,10:29,0,1,1
057,10:29,6,2,8
058,10:31,0,2,2
059,10:34,7,0,7
060,10:37,1,0,1
061,10:38,3,1,4
062,10:39,17,2,19
063,10:39,5,3,8
064,10:40,8,3,11
065,10:42,2,3,5
066,10:43,3,3,6
067,10:46,3,4,7
068,10:46,1,5,6
069,10:47,0,4,4
070,10:48,0,5,5
071,10:48,1,6,7
072,10:51,1,7,8
073,10:51,0,8,8
074,10:53,0,9,9
075,10:53,0,9,9
076,10:54,0,10,10
077,10:57,6,9,15
078,10:59,0,9,9
079,11:00,4,10,14
080,11:01,1,8,9
081,11:01,0,9,9
082,11:02,2,10,12
083,11:04,15,2,17
084,11:05,3,1,4
085,11:06,7,2,9
086,11:09,5,2,7
087,11:11,0,2,2
088,11:14,6,1,7
089,11:14,0,2,2
090,11:15,3,3,6
091,11:15,0,4,4
092,11:15,3,5,8
093,11:16,2,6,8
094,11:19,28,7,35
095,11:20,2,8,10
096,11:22,3,7,10
097,11:22,6,6,12
098,11:24,0,7,7
099,11:27,6,4,10
100,11:31,9,0,9
101,11:33,4,1,5
102,11:33,0,2,2
103,11:34,14,3,17
104,11:36,3,3,6
105,11:36,2,3,5
106,11:36,4,4,8
107,11:37,1,5,6
108,11:38,4,6,10
109,11:39,3,7,10
110,11:40,0,8,8
111,11:43,1,6,7
112,11:46,2,7,9
113,11:46,2,8,10
114,11:46,7,9,16
115,11:47,2,9,11
116,11:50,6,7,13
117,11:51,5,8,13
118,11:51,6,9,15
119,11:53,9,9,18
120,11:56,6,6,12
121,11:59,2,4,6
122,12:01,6,4,10
123,12:01,3,5,8
124,12:04,36,5,41
125,12:05,5,4,9
126,12:06,5,5,10
127,12:07,4,6,10
128,12:10,1,7,8
129,12:12,6,6,12
130,12:13,3,6,9
131,12:13,1,7,8
132,12:16,3,6,9
133,12:20,3,5,8
134,12:23,18,3,21
135,12:25,0,3,3
136,12:26,16,2,18
137,15:45,0,0,0
138,15:45,6,1,7
139,15:45,1,2,3
140,15:45,7,2,9
141,15:47,13,1,14
142,15:49,2,0,2
143,15:51,13,0,13
144,15:52,3,0,3
145,15:52,7,1,8
146,15:54,8,1,9
147,15:58,4,0,4
148,15:59,7,1,8
149,16:02,1,1,2
150,16:03,13,1,14
151,16:04,17,2,19
152,16:06,0,1,1
153,16:06,2,2,4
154,16:07,13,0,13
155,16:09,2,1,3
156,16:11,0,0,0
157,16:11,1,1,2
158,16:11,6,2,8
159,16:12,1,3,4
160,16:12,3,4,7
161,16:13,0,5,5
162,16:14,1,5,6
163,16:15,8,5,13
164,16:16,4,5,9
165,16:17,1,6,7
166,16:19,3,6,9
167,16:20,3,7,10
168,16:22,6,6,12
169,16:24,4,5,9
170,16:24,7,6,13
171,16:24,3,5,8
172,16:25,5,5,10
173,16:25,8,6,14
174,16:30,8,4,12
175,16:31,3,4,7
176,16:33,6,4,10
177,16:34,9,4,13
178,16:35,3,5,8
179,16:35,1,4,5
180,16:38,5,4,9
181,16:39,1,5,6
182,16:39,12,5,17
183,16:40,6,6,12
184,16:41,3,7,10
185,16:41,0,8,8
186,16:49,5,2,7
187,16:49,5,3,8
188,16:51,4,3,7
189,16:53,2,2,4
190,16:54,8,3,11
191,16:55,10,3,13
192,16:58,14,3,17
193,16:58,6,4,10
194,16:58,1,5,6
195,16:59,4,5,9
196,16:59,7,6,13
197,17:00,0,7,7
198,17:02,11,6,17
199,17:04,15,6,21
200,17:05,1,7,8
201,17:09,6,7,13
202,17:11,12,7,19
203,17:11,16,8,24
204,17:11,2,9,11
205,17:11,0,10,10
206,17:12,0,10,10
207,17:19,4,5,9
208,17:20,6,6,12
209,17:23,1,6,7
210,17:23,1,7,8
211,17:26,2,7,9
212,17:27,13,8,21
213,17:27,2,9,11
214,17:29,2,9,11
215,17:31,0,9,9
216,17:34,2,6,8
217,17:36,2,7,9
218,17:37,7,8,15
219,17:40,4,6,10
220,17:41,2,7,9
221,17:41,3,7,10
222,17:45,3,3,6
223,17:47,1,2,3
224,17:48,8,3,11
225,17:50,2,4,6
226,17:51,3,4,7
227,17:55,6,2,8
228,17:55,2,3,5
229,17:55,0,4,4
230,17:56,17,3,20
231,17:56,1,4,5
232,17:58,13,3,16
233,17:59,6,3,9
234,17:59,3,4,7
235,18:00,2,5,7
236,18:01,10,6,16
237,18:01,1,7,8
238,18:02,3,8,11
239,18:03,0,8,8
240,18:03,3,8,11
241,18:04,0,9,9
242,18:05,0,10,10
243,18:06,1,11,12
244,18:07,1,12,13
245,18:08,1,12,13
246,18:15,0,13,13
247,18:15,3,14,17
248,18:15,0,15,15
249,18:15,2,16,18
250,18:17,8,17,25
251,18:24,0,15,15
252,18:26,13,12,25
253,18:27,5,12,17
254,18:27,1,13,14
255,18:27,0,14,14
256,18:28,3,15,18
257,18:30,0,11,11
258,18:32,9,10,19
259,18:33,1,9,10
260,18:34,8,9,17
261,18:36,15,6,21
262,18:37,1,7,8
263,18:37,0,8,8
264,18:39,2,9,11
265,18:39,7,10,17
266,18:39,22,11,33
267,18:40,1,12,13
268,18:41,1,11,12
269,18:42,6,9,15
270,18:43,3,10,13
271,18:47,0,9,9
272,18:48,10,10,20
273,18:52,3,7,10
274,18:55,1,5,6
275,19:01,11,2,13
276,19:01,2,3,5
277,19:03,12,2,14
278,19:06,9,2,11
279,19:10,0,1,1
280,19:11,2,1,3
281,19:11,2,2,4
282,19:13,8,3,11
283,19:13,8,4,12
284,19:14,5,5,10
285,19:17,5,4,9
286,19:18,0,4,4
287,19:20,0,5,5
001,08:32,2,0,2
002,08:34,11,1,12
003,08:35,0,2,2
004,08:38,0,2,2
005,08:41,0,2,2
006,08:43,2,3,5
007,08:50,1,4,5
008,08:51,10,5,15
009,08:54,0,2,2
010,08:58,6,1,7
011,09:00,0,2,2
012,09:06,0,3,3
013,09:06,0,4,4
014,09:06,0,5,5
015,09:10,0,4,4
016,09:10,1,5,6
017,09:11,3,6,9
018,09:11,7,7,14
019,09:11,2,8,10
020,09:11,3,9,12
021,09:11,2,10,12
022,09:11,5,11,16
023,09:11,19,12,31
024,09:14,2,6,8
025,09:14,4,7,11
026,09:14,2,8,10
027,09:14,1,8,9
028,09:15,1,9,10
029,09:16,2,9,11
030,09:17,2,9,11
031,09:21,10,6,16
032,09:21,5,7,12
033,09:22,12,7,19
034,09:22,5,8,13
035,09:23,1,9,10
036,09:24,0,8,8
037,09:25,1,9,10
038,09:25,1,10,11
039,09:28,4,7,11
040,09:30,1,6,7
041,09:31,1,7,8
042,09:32,0,8,8
043,09:36,9,9,18
044,09:37,5,9,14
045,09:38,2,9,11
046,09:38,4,10,14
047,09:39,7,11,18
048,09:40,0,10,10
049,09:42,15,8,23
050,09:45,8,5,13
051,09:45,0,6,6
052,09:46,2,6,8
053,09:46,2,7,9
054,09:49,18,6,24
055,09:49,4,7,11
056,09:51,5,6,11
057,09:52,1,7,8
058,09:54,1,5,6
059,09:57,0,4,4
060,10:05,14,3,17
061,10:06,0,3,3
062,10:06,10,4,14
063,10:08,0,4,4
064,10:09,11,5,16
065,10:11,2,2,4
066,10:12,2,3,5
067,10:12,16,4,20
068,10:12,2,5,7
069,10:14,2,6,8
070,10:15,6,6,12
071,10:16,7,6,13
072,10:17,10,7,17
073,10:18,1,8,9
074,10:18,4,9,13
075,10:20,13,9,22
076,10:23,4,9,13
077,10:24,0,9,9
078,10:24,2,8,10
079,10:25,2,9,11
080,10:26,14,10,24
081,10:26,2,11,13
082,10:27,0,12,12
083,10:28,0,12,12
084,10:28,9,12,21
085,10:31,0,13,13
086,10:32,2,14,16
087,10:34,4,15,19
088,10:36,6,15,21
089,10:37,0,16,16
090,10:38,0,16,16
091,10:40,0,15,15
092,10:43,0,16,16
093,10:46,2,14,16
094,10:48,15,15,30
095,10:48,23,15,38
096,10:51,10,15,25
097,10:52,0,14,14
098,11:00,15,10,25
